x y
-1.639055589387177436e+00 -1.388995797434823709e+00
-4.284517917864093528e-01 -6.213221705418708884e-01
2.063438187761886145e+00 1.649223350474622096e+00
1.082754304193211947e+00 1.815005473890153098e+00
5.413171760413855171e-01 5.685981835011457708e-01
8.190296094772089308e-01 1.804051535303932141e-01
2.063672213931114219e-01 5.703196948985285175e-01
3.568244990244390791e-01 1.582197998485661006e-01
2.935565598255640563e+00 2.347457011627335444e+00
-1.264312183338653917e+00 -1.821705651441286378e+00
1.465969786289657684e+00 1.332201258004235722e+00
5.708275308218472288e-01 4.813375967089333907e-01
-4.415541844223492829e-01 3.683160515960649528e-01
1.533796314444835218e-02 -2.530074113864148599e-01
1.027826091008689824e+00 8.811439982570425933e-01
1.600100361303391505e+00 2.232851397030600538e+00
-6.111151455349334016e-01 -3.704897281929344643e-01
-1.245864354817509456e+00 -2.161767049067741198e+00
-4.849614387895874179e-01 1.002633161466930378e-01
1.079362792267071075e-02 -1.344472690944037430e-01
1.146626286552341112e+00 1.104424670607831560e+00
-1.059176780147158992e+00 -2.135373180625659728e+00
2.463301413391683903e-01 -5.971006679239609927e-01
-1.971136550373669083e+00 -1.815519981322008869e+00
-1.226849291381071572e+00 -1.241502983784396053e+00
-8.154089264983606089e-01 -7.183480662795540539e-01
2.259464966006174524e+00 3.678088659915809133e-01
-2.372621220644014706e+00 -1.247486116818840696e+00
-1.105595567007252145e+00 -1.048364021510390875e+00
-1.641140503968284037e+00 -1.698966361140791026e+00
-9.017115297673672369e-01 2.604753953882956719e-01
-1.941295033099742495e-01 2.032867276120438327e-02
4.345432296918041448e-01 -2.207173271516128799e-01
9.402757372045771334e-01 1.179807950679939488e+00
8.758739205132509698e-02 4.738263661621046618e-01
1.045195476782260435e+00 1.853582858516802823e+00
-1.182022111543913789e+00 -8.184028755523383714e-01
-2.953725686840776854e-01 -1.549499907229600348e-01
1.925584788347213694e+00 1.166991408412201947e+00
6.881605379651184462e-01 1.691837360121120071e-01
1.454016382328340073e+00 1.474479187521477774e+00
2.661262406147912429e+00 1.024083983658317321e+00
2.025117449951387094e+00 1.455036990432784672e+00
-2.053127787373889124e+00 -1.397438856425128773e+00
1.895761617219773876e-01 -8.993190300949467364e-01
-3.040594696902857441e-01 4.528501965858811040e-01
-1.089438458229928242e-01 6.109809071057770158e-01
2.987852661280386291e-01 8.010370968804207958e-01
-3.066223549640419987e-01 -1.961093789096222562e+00
-1.241317295214210858e+00 -5.331909798205262119e-01
-1.930406094356745816e-01 -5.591875755171782370e-01
1.059385479179540956e+00 1.222234460233964648e-01
2.529414052279610914e+00 2.859193818017748079e+00
3.033958236504460601e-02 8.817955022241295848e-02
1.211127411424248956e+00 1.664081198239638182e+00
8.586908095111005501e-01 3.879059726620903703e-01
-1.627104454803514066e+00 -1.386145401470852967e+00
5.522060115345711617e-02 7.388616003785535291e-01
1.526607314895939593e+00 1.444297338395212682e+00
5.939488237143799587e-01 5.215859985330539850e-01
8.045773192378173622e-02 1.002646944514813537e-01
-1.375493042404468902e+00 -1.609897850619514958e+00
-1.937945051652494088e+00 -6.397159604473279249e-01
-3.213397950197169006e+00 -1.871041231495729651e+00
-1.340724297997303305e+00 -7.374690855910468468e-01
7.736550347228340341e-01 4.074857016155094547e-01
-1.407655558856834466e+00 -8.678936245843014152e-01
1.772971242282477267e+00 5.743503986141573758e-02
-6.948808874770548982e-01 -7.762755646941705834e-01
2.186411033458284248e-01 9.678714912221100253e-01
2.628678300782926747e-01 -2.977553302407104918e-01
1.076389022371918136e+00 1.094026097060526004e+00
7.915254551368880453e-02 -4.643783113753382485e-01
-1.205086471694383432e+00 -2.045844964660152421e+00
1.772525958390950951e+00 1.387768373636652175e+00
1.068321055369837680e+00 6.889045121502179736e-01
1.657069093470637133e+00 1.043693914162937775e+00
-8.953815438771611790e-01 -7.372512021084328682e-01
-5.118143940736707975e-01 -1.472218133575906585e+00
-1.674932711823869713e+00 -5.314089966045347779e-01
9.238874730382746758e-01 8.864018217111431230e-01
-1.405952885502572025e+00 -1.571626290856970032e+00
3.330794934774838900e-02 -1.666660242071517084e-01
-2.854192315149203796e-02 -2.482837737133954670e-01
8.317375203678787354e-01 4.433959476292990698e-01
5.976629308728107492e-01 -4.851228258825893147e-01
1.056584365569891437e+00 5.767580343448621694e-01
-1.101201609729500985e+00 -8.525345651698060800e-01
-9.615628252204695414e-01 -9.929220905915665529e-01
1.446953036688962468e+00 4.839219596834125059e-01
1.212335543194720255e-01 -2.193283605031721706e+00
-1.595939660906932289e+00 -2.153761635087447335e+00
1.518646011513455907e+00 1.644537750571725354e+00
1.535357659028537602e+00 2.021436606919211787e+00
1.865104845837021408e+00 7.704643920007718805e-01
2.390038639041417667e+00 7.321886429679219654e-01
6.676624900275993646e-01 3.163023865252619360e-01
-4.588312168359660603e-01 -9.822063967385976646e-01
-7.356795277654403220e-01 -8.221909632269931434e-01
-3.880527136622272111e-01 5.219188971195664051e-01
-1.582376366806102164e+00 -7.059630489268118314e-01
-1.723117350525432245e+00 -1.816809285665989870e+00
1.497308966483868575e+00 2.215402367587954835e+00
1.108556928962808885e-01 3.131945250468864961e-01
4.911626892691185742e-02 -2.904826257238964926e-01
7.765308329653903829e-01 2.066468334855086075e-01
-1.136023942264859032e+00 -8.449243242376276442e-01
1.660947610385334894e+00 1.743568302263825309e+00
5.319301751246707788e-01 4.654950411935674381e-01
1.034515143626635769e+00 -2.248298640102660007e-01
1.550863134681166877e-01 5.583226302078068137e-01
-2.226011664959742231e-01 1.769873204063578953e-01
1.225802668817122854e+00 1.763635341036202231e+00
1.871173408620345202e-01 9.302674874083121104e-01
1.591791411713972870e+00 4.109608327186293764e-01
6.627158122774432503e-01 1.688805456931239624e+00
-3.511179409712671395e-01 -1.524059878550603209e+00
1.188767103906177791e+00 1.207975532687534104e-01
-5.178823075897853734e-02 2.642171401452703128e-01
1.455781044633434718e+00 1.646041629747941215e+00
1.129156090836476389e+00 4.836767343741817382e-01
6.131314021279345994e-01 1.346235038400323436e+00
1.570918919139486558e+00 2.364646359414143140e-01
-1.613512994172076054e+00 -1.318639644020047852e+00
-1.394647979953236749e+00 -8.323404242232426142e-01
-7.317594735614580959e-01 -7.490923218148348717e-01
-3.950296609346979904e-01 -9.506935371838387550e-01
1.664932868994811965e+00 1.604214762670798766e+00
-5.746723771133455116e-01 -7.461447516736088303e-01
1.411069531196296856e+00 2.904830464183516536e-01
-2.608437247720927221e-01 7.152491060566218417e-01
-3.832603113079423029e-01 9.302993283133189628e-01
-1.532554199056598843e-01 -1.153064419005454810e-02
-2.683985982178172525e-01 9.311176023886903741e-02
1.427662182507067001e+00 4.615987184755229178e-01
2.426730419381297743e-01 1.274886102111681407e-01
-1.230891498784725258e+00 -1.085891033499388758e+00
-6.388538824442157038e-01 -9.498692431937666436e-01
1.502221592623756985e+00 1.275936988841800401e+00
5.365851846767787370e-01 6.929214966679528298e-02
-1.357516439733571278e+00 -1.158599233246337956e+00
7.471382398514727630e-01 -1.430256819147041614e-01
2.309694799320269887e+00 1.646853569052589839e+00
-1.085614381924877359e+00 -3.435617704453017285e-01
-8.963747877747090254e-01 -1.622174343295753607e+00
-7.720179805389466576e-01 -8.152233019733756691e-01
-5.128182229518291058e-01 -4.483752197709180987e-01
2.858103340614830401e-01 6.109905063595324481e-01
-1.539940527883940868e+00 -1.211747537135231090e+00
-1.054201211673496674e+00 -2.872656658066090607e-01
-1.044831526058991877e-01 -6.362485885628736959e-01
1.162359413379142059e-01 1.045834312440450997e+00
1.648042484705393440e-01 -2.549472729746534716e-01
1.927218132205360313e+00 -7.164869399870599231e-03
4.679676500026633268e-02 5.391477934107816727e-01
-2.024077287554489235e+00 -2.307862599064686382e+00
9.840126567404554603e-01 8.918872544285127990e-01
6.358241891277565117e-01 1.099995406592450431e+00
1.794368643562412435e+00 1.053869455951127465e+00
-9.045463419267152361e-02 -6.366767009128752042e-01
1.854641278864336829e-01 5.420288119842033847e-01
-1.182962967303802237e-03 4.827850719865926510e-01
-4.812741793693356973e-01 1.040787854192823048e+00
1.411578753685402532e+00 1.561006755580192085e+00
1.445903053251266890e+00 9.248948078929326577e-01
1.700726933180040923e-01 -6.290548787346649240e-01
2.109604703603555009e+00 1.398946216398690989e+00
-4.172519038322944351e-01 3.200275372661277040e-01
-3.618201341889061284e-01 -1.140704796490276340e+00
-6.706504862617580498e-01 -1.201465311502150968e+00
8.168308619194458720e-01 -7.867259945171031221e-01
8.728079768621421763e-01 5.621102358612906080e-01
-4.201218961712231414e-01 -1.151852917000965260e+00
-7.553169789567732995e-01 -4.309167214221503728e-01
4.009912259068676432e-02 -8.489384938591987284e-02
5.894297597494833063e-01 1.050044644677639472e+00
1.064124876721548540e+00 2.484637632914006300e-01
-1.442902181368209913e+00 -9.125026652773535751e-01
-1.657848554652050499e+00 -8.710742141253406956e-01
3.465632073099015331e-01 -5.646867657393780937e-02
-1.148348367384398605e+00 -1.302177350048755455e+00
1.800213273810429060e+00 2.109426907928009243e+00
3.400280351010809277e-04 -2.699649879083196868e-01
2.753536305046917487e-01 5.034534566932015176e-01
-2.542097481654329361e+00 -1.486644849438044869e+00
-1.012263336619550758e-01 4.725791977701930824e-01
6.762394634946612415e-01 -9.077184821385454461e-01
-2.862717314151208559e-01 5.074200274888779338e-02
-6.210232525803375259e-01 -6.104408266866351296e-01
-1.498251815535173170e+00 -6.795945892371475505e-01
3.670256283270982856e-01 -3.564926970019212105e-01
1.300647025185294625e+00 -4.980309624017512093e-01
1.627076840027223970e+00 1.351545240486923483e+00
1.435152639996007506e+00 1.022855559334739040e+00
1.097137399881561004e+00 8.697486278031749674e-01
1.093722599566676057e-01 -1.025899126776519177e+00
-6.385641715324632539e-01 -2.813897027292486808e-01
-5.544670086774808326e-02 -3.612734932702483803e-01
2.188877328873698236e+00 1.840180242291140411e+00
-5.953408151151259320e-01 8.249455832367512675e-01
1.179220975708493491e+00 8.911915205534389761e-01
-1.844418075017798531e+00 -2.117277823040356388e+00
-1.420660536695374621e+00 -5.558939740149726472e-01
-7.718723044397832744e-01 -8.801154070773848925e-01
-2.160290219663968170e+00 -1.686414621054002305e+00
-1.503971489451277455e+00 -5.930851584574214908e-01
1.540112983181671780e+00 4.395413211463795600e-01
8.618152117640401899e-01 5.696161445645261390e-01
-9.516249632724618213e-01 4.462123199714351784e-02
6.884429339330421227e-01 9.349184259929791407e-01
1.016388953073606993e+00 1.087717407569055661e+00
-7.394248563412659792e-01 -1.062497972245570077e+00
1.690001620144369276e+00 1.124148200227394589e+00
-5.747896424972971374e-01 9.121208849495030524e-01
-2.611910820040084236e-01 -1.612753497628557575e+00
9.847526037937910370e-01 9.586937361815945913e-01
-1.569276753039311911e+00 -6.625003851439121849e-01
9.193210605575272698e-01 7.449887855533523506e-01
4.857417139333924383e-01 -3.196732433575410481e-01
-1.587143080425289066e+00 -9.958275819264190698e-01
4.039411407840042267e-01 5.869365498832908035e-01
-8.237021202944547760e-01 -4.731019020836650935e-01
1.511789253045728643e+00 6.978318262644642722e-01
2.166327810010985733e+00 4.501072566061669056e-01
7.449697023409945773e-01 5.864515979879060259e-01
1.823205136051956610e-01 6.282603502985675270e-01
7.491409730241023190e-01 1.316375445551980938e+00
-1.012250421874762107e+00 -6.611546999267468028e-01
-3.896636386491558746e-02 -6.201243432842274972e-01
1.086239844954513645e+00 1.445731934183592360e+00
-9.435958657369325486e-02 1.036043384779530729e+00
-8.128744251668693632e-01 -8.908694570365516263e-01
-1.828175263456330024e-01 5.973398846999440348e-01
1.486384734431612120e+00 2.361640261254308815e+00
5.149931854605120929e-01 1.689454931464221543e+00
1.986753737200602110e+00 9.837103171661832901e-01
-3.763499314795332173e-01 1.659982428145797551e-01
5.065834939337046650e-02 3.139399407339726888e-01
-2.355413391212549001e+00 -3.016361719653928297e+00
5.174775947645164909e-01 2.790645982297604855e-01
-1.013735442399652520e-01 -1.839956404976323956e-01
-2.027961007856364795e+00 -1.077519350724086777e+00
4.427417587275510602e-01 1.350315615455958351e+00
-4.178560090534182425e-01 -9.345275334482645579e-01
9.430181608709415908e-01 6.626445178238344891e-01
1.408270879927883579e+00 2.256802915489305228e+00
4.565328920583338057e-01 9.507543076146427463e-01
-4.017237937017986704e-01 6.234674922501027838e-01
5.497428425293886534e-01 -6.204635176410038255e-01
-1.096325570142297590e+00 -5.907920747825210483e-01
-9.785417590729583726e-01 6.488601693117723723e-01
-1.756968819757210420e+00 -1.624299418433680531e+00
-5.485841444806497380e-01 3.157323331040109982e-01
7.734735252659499238e-01 5.437284541196557575e-02
3.887155068617779707e-01 5.194996367567492612e-01
-1.324448974986266014e+00 -1.521377788024336875e+00
-5.604761062192241683e-01 -8.109543018334898212e-01
7.175792239291822749e-02 6.737242998398060845e-01
9.758512312773680586e-01 8.874589086783771785e-01
-4.665171688827979279e-02 1.932568878526027267e-01
8.906994706702944242e-01 1.392021290616726859e+00
-5.542590025643404639e-01 -1.340522394053268673e+00
1.466579927920373061e+00 1.559136405556420746e+00
-9.281451532788118630e-01 5.003147497757534090e-01
-9.169929542530085298e-01 -1.026924832007336530e+00
3.005850270452160355e+00 1.811571522000947621e+00
1.338419204840617383e-01 7.785444622323163255e-01
-5.941195713527694378e-02 3.709354379876045327e-01
-7.300442943807987639e-01 7.285721012150370157e-02
-7.200829543610648420e-01 -1.986345898967055490e+00
-1.651402521799676115e-01 4.837364164156631174e-01
-8.094233843668617867e-01 -4.243721419664540084e-01
-1.552883972018427539e+00 -2.131798086816731885e+00
2.593497468072073264e+00 3.499268435412978828e+00
7.069166187857927053e-01 1.416014226327915737e-01
1.400661452935066720e+00 7.078427486107462530e-01
-1.968817632463785383e+00 -1.916973290207296898e+00
-1.297206496306619217e+00 -2.510189480924775118e+00
7.834799959515144074e-01 1.724725954280091678e+00
4.640445992775709683e-01 1.175388168492499608e+00
1.093361953764495631e+00 1.186614078139264450e+00
-3.081652475473911634e-02 -7.953923571660219682e-01
3.260788573068668095e-02 -6.310578326047837638e-01
5.920436880988086958e-01 1.135402015425451383e+00
1.298420119473959744e+00 9.447367781491307070e-01
-1.841282881128253779e+00 -2.034547835639673785e+00
6.870058991868226439e-01 -6.289827174606268390e-01
-1.712850693519256673e-01 -3.905423086096786456e-01
-1.827843496481486862e-01 5.193236687111336680e-01
6.664631303494039649e-01 4.770491067023521214e-01
1.460534723074070618e+00 6.043512407808810938e-01
7.949907332158212547e-02 -5.923824345086710075e-01
5.052690699717730105e-01 3.404881431221638000e-01
1.221016338116548694e-01 4.041477651402914928e-01
-1.736191579349960767e-01 -6.508795546867421900e-01
4.428437479041208436e-02 -4.359963012386983694e-01
9.649148679523378291e-03 1.956202244229868492e-01
-8.250843700427024086e-01 -1.126217912190560666e+00
6.451609869331435820e-02 -2.838725704968024788e-01
1.202419507835360113e+00 5.687212130679959454e-01
6.967332471764702273e-01 1.404293363079293089e+00
-9.496008764121888213e-02 1.301628330848549675e+00
1.875383950562384966e-02 -8.901208650553713020e-02
6.618357467105133729e-01 9.028131422974927656e-03
6.385611020867898446e-01 -9.232246018172534097e-01
1.232517545665698488e+00 1.585186971177718007e+00
1.944475210192571302e+00 9.987143372755442616e-01
-2.589969775338932800e-01 -5.168042475727191443e-01
-7.417213833442929394e-01 -1.687878619947785763e-01
1.229977808485950286e+00 1.098420269653826553e+00
-2.006138682404766949e-01 -4.482263397366120783e-01
-1.642614734947798194e+00 -2.193282202918156010e+00
-7.206923809167526951e-01 5.628883302092924090e-01
1.592848411833763134e+00 1.272565160094284220e+00
-9.901197542271074070e-01 -3.518169879567373814e-01
-6.298770674739336828e-01 -5.613799430076508168e-01
8.953788961953849102e-01 8.911230817493863698e-01
-1.175921592002131089e+00 -3.964381613720424635e-02
3.208705734531458464e-01 4.299852766457594733e-01
5.067731886288120435e-01 -8.511528278027369332e-04
-3.366790184786633278e-01 -2.046113874003336885e-01
-3.244221561421279931e-01 5.462797100210936563e-01
-1.812641043082079850e+00 -1.908869481642556210e+00
9.922924540590597475e-01 9.134481019389356637e-01
1.931286522782250936e-01 3.321786589534876377e-01
1.233363264659152581e+00 1.242247476077945390e+00
1.009057563833768878e+00 1.641360862351507466e-01
-6.589326488538538307e-01 1.083464495129043970e-02
-1.534130716523737892e+00 -1.850626047498868498e+00
1.493486352285613439e-01 -2.941457747732889594e-01
4.629602121031931583e-01 1.512188708223103806e+00
-2.494359937354203027e-01 -9.688946052248559315e-01
-1.043362476193541610e+00 -1.475636952891576925e-01
1.883830228686031116e+00 6.795185365622770091e-01
1.945505685603046708e-01 -7.754250569839458151e-01
-7.375670757730316829e-03 -1.291830192853558323e-01
-7.179115207811930244e-01 -1.668663383534541578e-01
-1.290348077520953041e-01 -1.301076288358418154e-01
-8.442294115586783665e-01 -5.998011523140458490e-01
-4.739190187176377522e-01 1.292525193433267106e-01
1.238443465738407190e-01 2.251493515374452248e-01
-5.062070387367839652e-01 -8.322415914891040378e-01
1.927110171889642620e+00 1.177839186830262230e+00
-4.013710311145907150e-01 8.097416599226742173e-01
1.425307712479618738e+00 9.649348337320058366e-01
1.681448892701134179e+00 2.251545318164597465e+00
8.078926605820053730e-01 9.144649895003453821e-02
-1.228206255965430094e+00 -1.060008583618410549e+00
3.710606201897267420e-01 8.701039539044773674e-01
-6.005516047940389068e-01 -1.718810843000082023e-01
-3.890888414488720137e-01 -5.556327906056658383e-01
4.196609489914644442e-01 1.126193972488605421e+00
-6.889848959421579488e-01 -1.347287079026653345e+00
-1.060645845190819059e-02 -9.590320204493485434e-02
5.949821620430084668e-02 -1.316818018752447639e+00
1.688571304546044871e-01 7.937870906775280622e-01
-1.441201291318938704e+00 -1.647570831659027846e+00
7.574575135875084575e-01 1.094920884284652729e+00
5.735691727735021672e-01 -7.720193761680769207e-01
9.793320108430056958e-01 8.152401751542028840e-01
-1.160201435565520356e+00 1.258742132426682314e-02
7.868273672463768076e-01 -1.486862896600372741e-01
4.744819484123782849e-01 5.921125235796022013e-01
-1.050757533154688783e+00 -4.212350676915802561e-01
-2.846445074161035316e-01 9.831694745929597801e-02
-6.604200487930758090e-01 -1.790266164836082363e-01
6.359878176163052954e-01 1.032133311860529812e+00
-7.321889953057397760e-01 -3.345847514825001090e-01
-9.570939315029932670e-01 -1.273603180751867736e+00
-9.109354996433670637e-01 -3.105247155744117471e-03
2.436892686161535315e-01 -6.230581509576894883e-02
-2.923463963756908202e-01 -1.375597468607212992e+00
1.724907403067085787e-01 -2.764201530551604891e-01
-7.161982805710191968e-01 -9.782578989359227428e-01
-4.107432719282075873e-01 -7.307098884787497362e-01
-1.131758009956379318e+00 -1.435668653167855080e+00
1.948578658327954627e-01 8.032701501729648530e-02
1.568056358326495037e-01 -6.512477292152119013e-01
-1.761550071031398268e+00 -1.913961000107135213e+00
2.066961398224625157e-01 2.387712440884866283e-01
-2.581394577587837746e-01 -2.491334690154751730e-01
-1.590513879217495263e-01 -1.713801094695164562e-01
-8.720163848470190437e-01 5.370437314365699155e-01
-6.412112455097859764e-02 -6.261417441341607382e-02
-8.424941250448167995e-01 -2.657920676226428469e+00
-4.276805753652718201e-01 1.138934741503778270e+00
-1.659854848024752139e-01 1.107998765441211120e+00
4.365260255042409665e-01 2.619241986668141009e-01
5.323150166196388700e-01 -9.145678742721419230e-01
5.169595737798765578e-01 1.934312240263314830e+00
2.203603429852274864e+00 1.816403286727127586e+00
9.155219702066473841e-01 1.098130374507583662e+00
-8.127840227708964249e-02 -1.866346057197991182e-01
2.052121453196903145e-01 -6.146759389539653284e-01
5.690235173367605981e-01 2.470063193537274937e-01
-7.467366621884762301e-01 -9.883964110100218470e-02
-1.470647993922217234e+00 -1.232392350237734080e+00
5.770419460389764055e-01 -3.478048608662744900e-01
-1.654003311703187984e-02 2.002634025391451522e-01
3.828916027879711859e-01 -3.556994679574437823e-01
7.500218997009980848e-01 3.601971758202905383e-01
-8.879051039473417894e-02 -7.377576053028384040e-01
1.058015367967163112e+00 1.085103517012456997e+00
1.199720898490705734e+00 9.453149192550764912e-01
7.628858645437136543e-02 -9.099207022984525661e-01
9.387500537680592005e-01 6.165626860847818191e-01
-1.241124210395623040e+00 -9.753306332800304457e-01
3.236984113099816707e-02 8.793723134858324464e-01
1.440534773848776817e+00 5.546271905667172764e-01
1.181427517623850232e+00 1.323523966364354987e+00
2.846852897634620794e-01 -9.128931540619641405e-01
-1.027021651656112144e+00 -4.265066360639555021e-01
2.382840486338964503e+00 1.565924006644415556e+00
1.197617249223275948e+00 1.251421594775238066e+00
7.261576481606386579e-01 -5.856217837498789436e-01
4.869320570570259687e-01 8.500730849989046600e-01
4.731445915907903088e-02 3.762704743536777752e-01
-2.892859351460281836e-01 -7.272576353612385525e-01
-2.309149620230348532e+00 -2.540763024391567981e+00
-3.788468326502999473e-01 2.873416678741149699e-01
1.183996400172377506e+00 6.498694006970284764e-01
1.998486976467068299e+00 1.609212345889595053e+00
-8.489616299518683018e-01 -1.093058575191402149e+00
2.929073545923509547e-01 9.608593957049364753e-02
2.999320907118922519e-01 1.147194322768395613e+00
6.704140297971949991e-01 4.825344379236967685e-02
-6.943207421283660308e-01 -7.719999637542386273e-01
-5.565617904325526055e-03 4.240072919569953802e-01
5.806000175994729950e-01 -5.894924512613342049e-02
8.538549674763817876e-02 -8.544980050201016475e-01
-1.025072531671390452e+00 -1.826913949527215753e-01
2.956628617211580212e-01 1.205683666215389360e+00
1.573793658955036978e+00 1.430841494447371520e+00
2.069767823478497082e+00 7.177119579301892704e-01
1.435041792646616576e+00 6.501123631559762028e-01
-1.039020317137249405e+00 -1.030654805568628207e+00
-2.643857440568231798e+00 -2.571231262784007487e+00
-1.005330185399223364e+00 -5.407007789330673386e-01
1.714874360138713416e-01 7.673838457977328886e-01
6.062047364931248961e-01 1.514667238149896678e+00
-1.926556745695663375e+00 -1.134657207819533609e+00
2.360591332416807075e-01 1.566041523530737223e+00
-1.286652838168829582e+00 -6.438983014241874692e-01
-1.222535334678886976e-02 -4.197690361441915874e-01
-7.579710070933253219e-01 -5.966674615965174011e-01
-5.464078444908759824e-01 -1.016076662456540047e+00
-2.127868079004073820e+00 -1.484341742998826152e+00
-7.203754430384003982e-01 -1.890030275548117422e-01
2.443492237071177353e+00 2.383253794041841456e+00
-3.266504915948469367e-01 -1.555726155199775196e+00
1.831890615473180217e+00 1.506600326443772397e+00
-7.419793349232031709e-02 -3.856883350635671448e-01
-8.953441753398608816e-01 -1.239309892912002775e-01
3.369685393781263194e-01 1.657057761090511006e-01
9.510914594866156646e-01 1.384104978375297224e+00
7.538065020231436986e-01 5.353481524891647858e-01
1.838346558417654486e-01 3.119840179182336026e-01
4.444045309023578749e-01 6.490439123474298633e-01
3.011583736896772390e-02 3.198666422432009937e-01
-1.753728205934765305e-02 2.684396377291793367e-01
1.991743781445719508e-01 3.467466747071161759e-01
1.463577194979138518e+00 1.196128968378158852e+00
1.559836326011170948e+00 1.649448212118139301e+00
2.209032676040160847e+00 1.505787120710742943e+00
1.178154929106898674e+00 8.178755671229220869e-02
-9.768056553086886806e-01 -9.240135151724729878e-01
-7.788306084713600974e-01 -1.256041199809667219e+00
9.372106391957440996e-01 5.936353168148078563e-02
-4.912735014800082012e-01 -8.832755832393988094e-01
-1.444789459800922105e+00 -1.021518206755283709e+00
2.888391867709841909e-01 5.091565058936569077e-01
-7.887114762168366822e-01 -1.350789709228179536e+00
2.763884411293546783e-01 2.043907264048611117e-01
-8.866831982623973873e-02 -6.264462077630224002e-01
-8.119654163552110226e-01 -1.594614693747193002e+00
-4.934581289866460940e-01 -5.556668256092330838e-01
5.848409475110524225e-01 8.772343502268241666e-01
-6.468163745449845292e-01 -2.052651152523950362e+00
6.116320696111038346e-01 -2.100706032826546998e-01
-7.002256877460171225e-01 -1.133154440344825487e+00
-5.998407970745798234e-01 1.281418120220431667e-01
2.023566592168775102e+00 1.369200661276494646e+00
-4.025021553597116775e-01 -4.082886832929339960e-01
-1.486844895159664892e+00 -1.034236121634268146e+00
5.410024352384704693e-01 2.572880610768336629e-01
-1.241229241828065488e+00 -8.121377680269523669e-01
1.036885834360415037e+00 5.388434564232330581e-02
8.219734617791185638e-01 -7.536814604300527964e-01
-3.330433660675609087e-01 -7.696860498747029045e-01
-6.335070476441334586e-01 -1.416797451016768017e-01
-1.177165331630067646e+00 -8.376999843750139174e-01
2.697157739179547042e-01 7.783799209982149581e-01
3.231249728675759658e-01 8.874829252742100216e-01
2.560176150386515026e-01 2.045325632862777521e-01
1.262752259942027777e+00 2.088072379312320148e+00
1.222721222496569782e+00 -5.478282180904847642e-01
-8.042639890831733140e-01 -9.260548698981325710e-01
-2.277148999189680945e-01 1.902730798277131596e-02
-2.181495303091958604e+00 -9.936608355941223270e-01
2.007372079429065037e-02 -2.300309187947770506e-01
1.566947540667203764e+00 8.849009628019312013e-01
1.553797719978675662e+00 1.169404456258404057e+00
2.700982030865415329e-01 4.452778841475013571e-01
-3.981602251676823467e-01 3.917813365574682183e-02
5.249353368335376580e-01 1.296049203404320060e+00
1.115780718234891555e+00 2.971318109307482525e-01
-8.078831965928980896e-01 -1.460580207810118880e+00
1.760260597675912697e+00 5.002829554770398257e-01
4.608911460151422501e-01 5.832210583540730076e-01
-6.579191509599605636e-01 1.139561193053899579e-01
1.051778208086473265e+00 1.172112642022986373e+00
5.012400076583813091e-02 -5.244066803465960436e-02
-2.356555096113092662e-01 -2.913780994608606290e-01
9.543518520724116883e-01 -3.300373694604086250e-02
1.192433079444278343e+00 9.112608170164471222e-01
8.136669367845504874e-01 1.848061465084918975e+00
1.787503994440521993e+00 1.838028230603592217e+00
-3.299362485409338963e-01 -4.516911944200773799e-01
2.100702923467217265e-01 6.372885279916503665e-01
-9.821084732657064942e-01 -1.031646863796261915e+00
-8.097506179715876495e-01 -1.209176079947415827e+00
-1.575573638264228526e-01 -4.670123155419984018e-01
-1.034337134288958904e+00 6.058877399956814624e-01
1.390368547144023914e+00 1.600980844142604109e+00
2.859235963879948050e-01 -7.583299963546080713e-02
3.118399421219167356e-01 -3.535121805623719360e-01
3.305672710114807566e-01 -6.540768227220555842e-01
1.754741948516290062e+00 7.666223980936489601e-01
-1.007755338489065844e+00 -1.800210905072301637e+00
6.345327396297936184e-01 6.081261999003858554e-01
-9.588394044204102684e-01 -5.740102598875926887e-01
6.527652698434256440e-01 1.550161032132441052e-01
-7.678197499643903967e-01 -8.403890370093242135e-02
-1.119599092283452668e+00 -2.208402094974386110e+00
7.171585594379420447e-01 5.033049420806480212e-01
1.482696733762234320e-01 -8.827485147345366379e-01
1.614500797998855486e+00 6.299733396793918416e-01
-9.922957854802558209e-02 5.756510105843295477e-01
9.764491935084471663e-01 8.787701437745978339e-01
-1.184142726878169460e+00 -7.384493371452051091e-01
-1.764031106521701586e+00 -6.077778110631826269e-01
-2.504472977220571495e-01 1.034148376846252410e-01
-6.248637794221632014e-01 1.435744884150841894e-01
9.805244590348158873e-01 1.565180674429239582e-02
-1.275202758999591568e+00 -1.318177646345698895e+00
3.127630991292397744e-01 7.663153246538823016e-03
8.735465067441766651e-01 5.620160255723719578e-01
-2.046302511287663606e+00 -1.449032452431008533e+00
1.737316725772115378e+00 6.683008276855300078e-01
-1.395523193084772684e+00 -1.182343633531779181e+00
1.166712193641354922e-01 -6.361175584816758377e-01
2.642337301642088132e-01 -4.071644186484018046e-01
9.541725608187534569e-02 5.556262609340443248e-01
2.427121294614442260e+00 1.147991680049335717e+00
1.027545867978087335e+00 -8.432772019117475981e-01
5.106892476171890349e-01 1.099278535217956598e+00
-1.161952064107208527e+00 -6.749925074453906326e-01
1.530463809417339505e+00 1.223563935895024990e+00
-5.248506162813191406e-02 -6.935159214221389701e-02
-7.624309020925321700e-01 -5.451924818299120901e-01
-1.316409242000289748e+00 -1.613506453220694858e+00
7.908100032638023524e-01 1.351827606669189774e-01
1.459982081180436486e-01 -3.260797058205670562e-01
-1.425838061915985833e+00 -1.199704294471263033e+00
9.156739402181137688e-01 -1.212320397817994722e-01
7.917895610160049502e-01 1.064415736018830216e+00
-2.070958406067068047e+00 -1.890609610953499331e+00
2.144087425275065795e-01 5.419384157383899669e-01
1.667908207288817168e+00 1.383542700303724837e+00
-3.038557972228089210e-01 2.532608530757463616e-01
-4.008637003610918681e-01 -2.354217421242851827e-02
-1.104517909781174811e+00 -1.521295697503183275e-01
2.543041309756684853e+00 1.640689572405025665e+00
4.632813295058931247e-01 1.462133729022433881e+00
9.435273569181055198e-01 7.647431967382170015e-01
1.561507287579601222e+00 8.527086511956984971e-01
-6.324973952122211474e-01 -5.614146704942476473e-01
2.008396364235206732e+00 1.405134977221658366e+00
3.322583921811730900e-02 3.477768023706884204e-01
1.330979957260815860e+00 6.549745292716167011e-01
1.258292610434007530e-01 1.781003031495814737e-01
-1.671437551659189946e+00 -1.517634425730749914e+00
1.252853227337203279e+00 1.152599398679866827e+00
1.817164684668357344e+00 1.747902740270644850e+00
7.121056773957439301e-01 2.256239910661897441e-01
-2.035536158593510780e+00 -1.595668340590512324e+00
1.269081426705224169e+00 1.082840760398063873e+00
-2.943321407369345333e-01 -5.159231636773315977e-01
2.996724800253964816e+00 2.774765811989654551e+00
2.158810789195408475e+00 1.477039359980978350e+00
-6.471533327329709318e-01 -1.301482355661591317e+00
-3.419295566650416562e-01 -1.155104488004902841e+00
-6.231123402141631740e-01 -1.104508628196732900e+00
6.496238808916368068e-01 2.908081186419660402e-01
-6.597094639819486295e-01 -8.596139984516136812e-01
1.373492607111955088e+00 5.050598923383800010e-01
-3.392687726574690754e-01 -2.417565501154280150e-01
3.913095071537288083e-01 8.526166745075037801e-01
-2.258552575217495306e+00 -1.785076103208101284e+00
-1.277651464190535879e+00 -1.036745449177806311e+00
5.640382341533656252e-01 1.248679916627126518e+00
3.475197511949071894e-01 6.491913302193541568e-01
3.977880362466902908e-01 -2.002461784284476631e-01
-8.986686075767000847e-01 -1.851627018526576629e+00
1.053503479980881230e-01 1.683408732923986073e-01
8.236967804443690033e-02 -1.575205514358612169e-01
-7.450803453549694755e-01 -6.293322625455217700e-01
2.524348776604533384e+00 2.700054491668874235e+00
4.045903135456415667e-01 4.789790622203787818e-02
2.604847848278507572e-01 -3.917115420566291695e-01
-4.559064207683888870e-01 -9.439542420132924772e-01
-3.832035070166038837e-01 -6.702185020171026464e-01
-1.576207173661866301e-01 -2.979962135127557366e-01
8.309340454522102792e-01 3.640868894912002718e-02
2.163763200079831250e-01 1.738211624504632180e+00
3.070198975668993469e-01 8.641455216681104279e-01
-9.581809429028128600e-01 2.276850564528766219e-01
-1.109968211598939991e+00 -1.418206928242466969e+00
-2.909044563545760687e-01 5.558299261097487953e-01
1.551864065522679248e-01 -1.042836112497888129e-01
1.790236859375135881e+00 1.168961920521397468e+00
1.978705224610523561e-01 2.971550414555196862e-01
4.108298442984481547e-01 -1.032149250441978028e+00
-1.788772901111222557e+00 -1.084273136144926264e+00
-3.063867248586286118e-01 -4.667973087674454069e-02
1.268195322108376821e+00 1.305195716565754616e+00
3.922099329643854437e-01 -1.985965660529017685e-01
1.220733804537090572e+00 9.727712967988491055e-01
-3.570844929732047035e+00 -2.284363118125588343e+00
-9.497432618749365174e-01 -1.630479389611366958e+00
-1.141308361145637607e+00 -2.214878598024438427e-01
6.075824638562350444e-01 -1.062364948242985885e-01
3.367262676634077412e-01 -5.223550113864480204e-01
-6.104648432765888977e-01 -1.189096256998546597e+00
-3.155577918703522666e-03 6.821280325091227947e-01
1.467949972507504253e+00 1.116537139710572113e+00
1.087789963089192513e+00 1.879776210414749071e+00
-2.742169668320716402e-01 1.689221969974630699e+00
-9.205962567108091354e-01 -5.756747209996789794e-01
-1.891546427382899687e-01 -3.378927048478801431e-01
1.047308796932645336e+00 7.255233734731524331e-01
8.250355247288816418e-01 1.148885638363209782e+00
-2.936313451248276918e-01 -5.757221041226332492e-01
1.171866924472470650e+00 1.597351891988665784e+00
7.571978265111917183e-01 -8.258019302568172515e-01
-2.653244963592119032e-02 -4.925547069099563968e-01
-9.696513469454723921e-01 -1.112034122896070842e+00
2.237102368038883959e+00 2.057443634436898705e+00
2.756217758107515348e-01 5.497496035130866598e-02
1.071126318539918021e+00 6.835772862042455156e-01
1.079749858094966264e+00 5.076855203115161475e-01
-1.723436727905317767e+00 -1.596180358775848962e+00
-5.077457985805502449e-01 1.157135282482971150e-01
-4.616523680951475361e-01 -1.052148159563451202e+00
9.193162129368104285e-03 2.627743724462859864e-01
-4.330782698924769969e-01 -3.459267652721742525e-01
-8.762260046464620533e-01 -3.502779207052387211e-01
-2.307095165107624080e-01 7.424067465406283817e-02
-2.529414056207390793e-01 -2.890700726884041227e-01
2.199609930781491585e+00 7.731518528096763543e-01
-1.861747893796697195e-01 3.706317737354153374e-01
-1.152732974926188980e+00 4.712708471141691113e-02
3.076672857806732053e-01 -8.584783949485669252e-02
2.216805048493605823e-01 -9.887763737380785845e-01
-1.791915211349293102e-02 3.883949474382526468e-01
4.159802993969999307e-01 -3.130992825470960139e-01
-1.734998718917872274e-01 -2.090290216452779792e-01
-1.783956373372003856e+00 -2.304488402337977693e+00
1.951881120550346793e+00 2.068984335730471358e+00
-1.355977317364958079e-01 -1.097911160743621828e+00
-6.482175302263479821e-01 -1.107277617064075903e+00
-1.280077005614790764e+00 -2.203788546089874512e+00
7.733532055732444954e-01 7.074586028358961221e-01
-5.663220324240136883e-01 -3.943663235412131485e-02
9.868342432285111265e-02 2.408503431369723446e-01
3.647761370107781564e-01 3.656556521543047333e-01
1.614774735587015897e+00 1.633835538252149000e+00
8.464023404592481425e-02 1.250306531762654383e-01
1.369930831817454120e-01 3.210443795608698414e-01
1.319489524073674147e+00 1.214564568486137031e+00
-1.269607995692374258e+00 -1.214287590516616389e+00
-4.508226447140639137e-01 5.773324379637587711e-01
8.931909403953808280e-02 7.496493694934663887e-01
-1.206414789318016600e+00 -8.622541422217790963e-01
1.756298656898215516e+00 1.625741848814052481e+00
-5.127553882713820066e-02 4.042582175206459461e-01
2.530124944308072443e+00 1.273111382247651857e+00
-4.699889253719672921e-01 -3.861560152488439646e-01
-1.057157431255953961e+00 -7.910724195400027359e-01
-1.762998753039367150e+00 -1.640494864945822640e+00
-1.749609832097789863e-02 -3.108130865088708505e-01
-1.374805709163743339e-01 -8.534041612720448811e-01
-4.449905214696869837e-02 -1.637523077969995078e-01
-1.649186333416247319e+00 -1.035383649906764347e+00
-1.599856257894598510e+00 -4.036041684601680002e-01
-1.019117729366502800e+00 -1.654313700528335929e+00
6.220478132655805625e-01 2.139947943520231100e+00
4.844960032881527323e-01 1.727346457727402806e-01
1.019922599069372549e+00 1.534940258030620175e+00
9.549276026318276323e-03 7.036695872721623335e-01
-7.514621862644819128e-01 2.345204771821041145e-02
-1.237636954026081426e+00 -9.355752180310643595e-01
-4.251548312189885048e-01 -1.311901515887728409e-01
1.654916230026323154e+00 1.713195183142458999e+00
1.357564419822281376e+00 1.590032600584835532e+00
-2.809370545845640610e+00 -2.624389938285412338e+00
1.584814574210177129e+00 2.176290182237130111e+00
1.923089378639937230e-01 1.279690759967336833e+00
6.572986335129756830e-01 5.290311885068166298e-02
-3.052991975613843945e+00 -2.568185897591998224e+00
3.308633081230951678e-01 7.925858810922918885e-01
-4.081029981845782362e-01 -1.403756981244895341e+00
7.516096357701071984e-01 1.056849654046835840e-01
-5.206984248074401078e-01 7.955114906486208115e-01
5.496228474644806461e-01 1.818741512386385484e+00
-2.005731028024923535e-02 1.854212495947654138e-01
-3.230770901235702208e-02 6.280102313520516955e-01
-6.295860283931294932e-01 -1.462845864033412546e+00
2.929975788969395034e-01 -2.610281811496643622e-01
-1.090284495330106518e+00 -3.338491859716114507e-01
1.510479370134303334e-01 1.212974116157321092e+00
5.446085630461233729e-01 1.746580645222095551e+00
-6.482978407267439014e-01 -1.702636101014324832e-01
-2.475167946394957741e-01 4.038170573527806728e-01
2.200101650496411043e-02 5.039589630070292481e-01
-1.527532361085003565e+00 -2.110415377632719025e+00
-1.895064216799042356e+00 -1.043930384232651054e+00
2.302566517947111091e-01 3.390870383140599797e-02
-2.055553147671904224e+00 -5.385131024706822922e-01
-4.867247392955765251e-01 -2.887324635990425326e-01
-1.105047449313559582e+00 -4.561967517073131084e-01
4.921158832549082374e-01 1.107609188655122590e-01
-6.489878581614419994e-01 -7.701621341453684932e-01
1.461045684397278333e+00 8.578957793018076039e-01
1.726918053809381459e-01 3.069011790414610807e-01
1.488262124280680387e-01 8.229760906668258658e-01
3.429482591112586465e-01 -2.428791254460162530e-01
-2.401255458446749813e+00 -2.780446222496963493e+00
7.141429544138447882e-01 3.803306881569058495e-01
9.918162632304821091e-01 1.236096308075931516e+00
-9.194423198673229436e-01 -2.884564336845384935e-01
-3.610221129706493448e-01 5.903827776635099944e-01
3.206700710049019687e-01 1.699682073577332420e-01
1.197052224565673839e+00 6.316768263021401708e-01
-1.955103339891289815e-01 -2.083702600644128378e-01
-1.710538263488125876e+00 -1.642523800093625086e+00
1.206113211116661699e-01 7.198184886498424362e-01
-9.627263127540273135e-01 -6.882807247063915668e-02
1.000271912614331349e+00 9.094220831072818978e-01
2.412295687109141107e-01 1.664954738420759139e-01
3.461114263967147164e-01 2.297696777725779238e-01
1.105347033630680986e+00 -4.307419381555023241e-01
-1.040282046011027584e+00 -1.145238309500189677e+00
-9.525373473242358946e-01 -1.403825183315184244e+00
7.484168737896835788e-01 -6.525273861928869712e-01
-8.665774311725734647e-01 -6.042820928206672493e-01
-5.974576398478981254e-01 -6.809171556014559368e-01
-2.684220578690861725e+00 -2.025219599854138242e+00
-2.128385428903098564e+00 -2.978164169781684301e+00
-1.191134526283067263e+00 -7.383867877529726176e-01
8.056153154327222454e-01 8.996126101857947477e-01
-1.594292559567402012e+00 -1.195415725970962129e+00
1.718612419492560273e+00 7.528890940363275330e-01
1.745402128381655205e+00 2.167727831721364851e+00
-2.960759152657053583e+00 -1.954536066078897738e+00
-3.279897188222821169e-01 6.841451843085081252e-01
-1.111790642362287418e+00 -1.776375741468043667e+00
8.212870185013899649e-01 6.687092566038422836e-01
-2.178885356693227582e-02 -1.053737425647309323e+00
1.282826636478083260e-01 -8.069566082431494092e-01
1.593979698795225497e+00 1.647884120122325546e+00
1.660592737813769704e+00 -7.512767074210529028e-01
-1.427007633935958975e+00 -8.054281692306594076e-01
2.627798936166591659e+00 1.530695780582143506e+00
1.791798929690380238e+00 1.734911065381155026e+00
1.232490486430017684e+00 7.123240735721048100e-01
-1.155280589091113308e-01 -7.032733864857434458e-01
-7.670338755025083444e-01 -1.078878748724303893e+00
5.586643169961298394e-01 2.514177156155964488e-01
-1.174722682450569433e+00 -7.846412403248494982e-01
-4.242667455443607238e-01 -2.253998558541749908e-01
1.404811841933120364e+00 1.595785012342877396e+00
-3.586971221519362762e-01 -6.412667854142906076e-01
-1.685085534958751019e+00 -2.129119383294411083e+00
8.923506854475525829e-01 8.833908945833129911e-01
6.470120756169450704e-01 4.774125754817473699e-01
-7.139007035536861778e-01 -1.608272214181434290e-01
4.966578643830626305e+00 3.451244598793195451e+00
1.686901438719622615e+00 2.647505295973636930e+00
-5.217423218098675708e-01 5.152365699632510676e-01
3.732529223881512759e-01 1.186471877417326626e+00
1.866825870655170749e-01 -5.225794369167251485e-01
8.822251174870776591e-01 8.019706418748411281e-01
-1.577914974399955206e+00 -4.715407098605797209e-01
-6.144314550094105709e-02 -2.664645604462947959e-01
8.353100135434055051e-01 1.017556363689665622e+00
8.974272662214108909e-01 2.700009187055524285e-02
1.221528495348579435e+00 -4.520835835901723665e-01
1.944294588176292526e+00 1.908669512630309262e+00
7.003707944720942713e-01 8.764384962045099758e-01
7.968463177059068592e-01 1.618174233386476257e-01
-2.360775158733390833e-01 -1.127912269268950496e+00
1.737566127838560959e-01 -2.519521660634835292e-01
4.717775582458350048e-01 1.710175400014401770e-01
-1.712552782472372970e+00 -1.246744515566130973e+00
5.755515876532875108e-01 1.870964742334679243e-01
1.998462465350332229e+00 1.986491792552392832e+00
8.145003893637747794e-01 3.759922346622368572e-01
1.614707503535446564e+00 1.683851986690706015e+00
-2.398103169223869957e-01 2.326478065310188803e-01
1.856022884284700636e+00 5.797084965539431867e-01
8.440491886830717716e-01 1.196355451886240928e+00
-1.095653155775535348e+00 -1.601147799202134125e+00
-1.835483537260709230e+00 -1.202043451689803533e+00
7.466574030567743048e-01 -1.154443883513146307e+00
2.116343785242502218e+00 2.760750982999575331e+00
-9.694355492064752333e-01 -4.256601859316044845e-01
-2.532302057505096404e-01 -9.555135975203261633e-01
1.811172026138532232e+00 1.146894942599578471e+00
5.483078976686331929e-01 -5.609092732725059482e-01
7.482806070456526903e-01 1.460536792536831774e-02
7.498587372558140896e-01 2.033201256599337370e-01
-1.529939815277412851e+00 -1.356336016075944340e+00
9.472762845939486365e-01 3.974296107324888361e-01
-4.651577882746668058e-01 5.167672093498979491e-01
-2.074750378225410863e+00 -1.270916370724118227e+00
-1.342902408034653883e+00 -2.152710031463778151e+00
5.353141144607905799e-01 1.770537703208065139e+00
2.122829963633007522e-01 -4.286279783942928967e-01
4.863723481739057886e-01 -8.074987514357787610e-01
7.406216130751742677e-01 -1.175234658782615682e+00
-5.232453812188095910e-01 2.132658058120673050e-01
-1.542548216156036656e+00 -1.198626291280096900e+00
5.177807928441608976e-01 4.085625841836719174e-01
-1.080655184488356735e+00 -1.727418324413209305e+00
9.986261476731961295e-01 1.923933162819703391e+00
-9.632984853201544961e-01 -3.795835722305881954e-01
-3.370334184298807711e-01 3.820971414649388942e-01
3.828875358654952876e-01 8.476759952595953607e-01
-1.633192030788788607e+00 -1.003929538845272251e+00
1.490642174058454117e+00 7.413886589591296428e-01
-6.182121270994360707e-01 -9.308642795993973262e-01
-1.891524831338006751e-01 -5.453372585180171761e-01
6.782815726156047331e-01 5.624655722844743577e-01
1.128386866891605278e-01 2.129519445822314339e-02
6.692807242617367924e-01 6.103305394913979276e-01
-1.689590475392529711e+00 -2.631371552969584693e-01
2.410191054354510198e-01 -5.227952575374274213e-02
1.557130588457836584e+00 -1.238727882626755594e-01
-1.062017861302772204e+00 -1.021813724135201440e+00
-1.190450821895313371e+00 -1.819912536123873270e+00
-6.421879153646610494e-02 2.114088446565842716e-01
7.576397285276187388e-01 4.222006688911262851e-01
-2.628975563273914240e-01 -6.904174321880519605e-01
1.433483798505386375e-01 5.367446851475733416e-01
-1.024226138369865646e+00 -5.249654151421747628e-01
2.815229374576137533e-01 8.649231762808526902e-01
4.898071591401033653e-01 3.732801100142680295e-01
1.570354095607628508e+00 -5.054135923564517796e-02
-3.202655452075536813e-02 9.175214030573299873e-01
-4.554813628415374516e-02 3.438014097199225683e-01
-3.229048743435529167e-01 -1.230264001102354232e+00
4.934064669623264288e-01 3.589633684232367838e-01
-1.457101283664209435e-01 -3.512388011506563101e-01
5.250388672267587431e-01 -4.845740093118258707e-01
9.744084580981536847e-01 4.020870320916415386e-01
-1.844245612289318492e+00 -2.503906870573986421e+00
1.519022920904786189e-02 -3.473480153702929174e-01
1.090444865209858616e+00 2.523066540234013111e+00
-6.859368654178871205e-01 -4.302187795275184135e-01
-1.370960516238574511e+00 -5.471533040159566319e-01
-8.930723608012157699e-01 -7.249497501533711530e-01
-2.928957795202235648e+00 -1.201238098348873518e+00
1.854781011306646743e+00 1.569473012902344422e+00
-1.144997025465554152e+00 -5.805311171245227664e-01
1.971904602179338217e-01 -3.284997205410777887e-01
1.892940098509257929e+00 1.853567720638424898e+00
1.118392550745413772e+00 2.306240208488901544e+00
-4.543698359268820708e-01 -6.580199196500347014e-02
-2.032870752562028760e-01 -5.564803902229500387e-01
4.297811352299310550e-02 -2.590810947714505819e-01
-1.733933590750392995e+00 -1.896713302306052729e+00
-3.453262007066366657e-01 -9.359298393283019823e-01
-2.372674157594409916e-01 7.911043574451273042e-01
-6.097063000904913155e-01 1.085063128822882472e+00
6.713064386981317799e-01 2.833781798638489446e-01
-2.096593672472307768e-02 -3.866551296844741858e-01
6.543870931962535442e-01 8.562098198854949382e-01
-2.214886268917537482e-01 -8.715649185602057647e-02
3.881950429832256022e-01 -1.324805150450085733e-01
1.321141959583475245e+00 1.152409033325933585e+00
7.176219119178123274e-01 5.435840336162195419e-01
-5.323138989415442390e-01 -9.404340723252720968e-01
1.039484241367089057e-01 9.659741972541101562e-01
3.289369896906401136e-01 2.895592496173959862e-01
1.727763033394867698e+00 8.883803721659990771e-01
2.501211351627799506e-01 -1.260419555931764080e-01
5.297717557796040033e-01 -7.213270356726813048e-01
-1.629895392214770755e+00 -4.210717618711710131e-01
1.183340362292571557e+00 7.959298133551049315e-01
-1.153854446783341592e+00 -1.262403943561248409e+00
5.185728161867847463e-02 6.311236889385640758e-01
-1.317212776968660348e+00 -9.733356514237104795e-01
9.226628380727646128e-01 3.229353662946288228e-01
-4.653681925613336601e-01 -5.337915415204677050e-01
5.126585154183853632e-01 5.736208326855254391e-01
-1.176249640655193884e+00 -1.201037321334245123e+00
1.035237758867872504e+00 2.989139056609201317e-01
2.906934075031032405e-01 2.807329714308380852e-01
2.296056873609302884e-01 7.158589439295555135e-01
3.284473127139979631e-01 2.868103248596309829e-01
-2.001680036001918683e+00 -1.875808065240657907e+00
-4.397136148976955594e-01 -6.523498861020632367e-03
-5.178440815939990838e-01 -1.474140713106552258e+00
-2.317093350850248257e+00 -1.070991053176160168e+00
4.616118638348368775e-01 1.856009313840037311e+00
5.627103026096291760e-01 3.333273311566534725e-01
-1.784585505626032464e+00 -1.292522502315230692e+00
2.310474331886194221e+00 1.802170866752309530e+00
1.576958384873072605e+00 1.830130730934824923e+00
-5.134626526064524077e-01 -5.298208282515551870e-01
-9.458297384303020472e-01 -9.154764666747079449e-01
-2.333949162381887266e-01 4.636650206245815919e-01
-9.676575086755615507e-01 -6.464467440247084751e-01
1.670156013759369340e-01 -3.508046584974668924e-01
-1.174542483051246089e+00 -9.404545714191433481e-01
5.938025571560299198e-01 1.045283583449901910e+00
-9.602789783684275715e-01 2.555735391213785346e-01
1.765326422146352714e-01 -2.383137952991377928e-02
-6.174041162895266277e-01 -3.826615674655956534e-01
8.308151364393592253e-01 1.674167752561017242e+00
-1.072118489705429778e-01 6.214044976639523377e-01
5.473824439107869422e-01 1.133191760784153068e+00
1.505200529791946573e-01 -6.851315845117258996e-02
-1.658234659667686683e-01 1.936707464489507147e-01
-9.579054766436762014e-01 -1.964997603771224011e+00
2.999820678686886399e-01 3.169378206423338895e-01
-1.540722366797022680e-01 3.614115972556704026e-01
-9.738039426055555836e-02 -7.347994975901257497e-01
-4.720496742729010098e-01 -1.174146078250573266e+00
5.700031491694386165e-01 8.785954973637661869e-01
-2.204188003651496253e+00 -1.478440777353187352e+00
1.602012826607855045e+00 1.761692343759807988e+00
-7.178799113552675193e-01 2.814373783266251872e-01
-9.955964779036102774e-02 -6.386213391554562691e-01
-4.863410776380538425e-01 5.461459684720140206e-01
-1.160001816449633294e+00 -3.629303744940577392e-01
-5.090030664554676121e-02 1.597193177778481743e-01
1.924940528601908341e+00 1.640970411060729717e+00
4.981896686368385008e-01 -2.437555746475970619e-01
5.817490171381997088e-01 6.405341091246364860e-01
9.095192004254967211e-01 -1.479474599630296039e-01
-5.938494650962354848e-01 -5.247155598615437233e-01
1.810658086289749447e+00 2.518721356035642955e+00
7.766618399921786375e-01 7.609983124075164751e-01
-2.923003423959159019e-01 4.451379155759465633e-01
-9.488924334290793627e-01 -2.318843857200250658e-01
7.737955691937972169e-01 1.263717995583796494e+00
4.398765207040277736e-01 -6.909606306869360282e-01
-1.788598167235660119e+00 -2.160943177339377463e+00
-7.372821313200623727e-01 -7.206635218634107609e-01
-3.829420767397105907e-01 1.720746176109586578e-01
1.226279094330680497e+00 5.713300646718237896e-01
-2.003506527870975606e+00 -1.329565248422116541e+00
-4.526866347320511741e-01 -9.041434435836309680e-01
3.203552043657610371e-01 -4.207763287458298196e-01
3.858139532285620454e-01 -8.272695486446868252e-01
-8.376185045642570159e-02 -1.114871964111702640e+00
1.881948208202085526e+00 2.071391290843486388e+00
-1.594039504164109333e+00 -2.185154541064224354e+00
-1.390096538490145583e+00 -9.461452346538665736e-01
-1.156143442767777696e+00 -1.998609169756274007e+00
-1.300825085300924000e-01 -1.789213761907129996e+00
-9.988275306090872441e-01 -1.306360408399323880e+00
-9.005903598335441851e-01 -7.410201223140503446e-01
8.635520631427152649e-01 5.162191168659425733e-01
2.292640198891134906e-01 -1.282316194342620452e+00
1.201683673113293382e+00 5.359002920865327813e-01
3.073999500843265675e+00 1.893615878177132839e+00
4.834904848070226135e-01 3.308396969359242989e-01
-7.688055007672677243e-01 -1.433287759860704558e+00
1.464070627413515957e-01 3.416863835487061740e-01
5.996388703110425711e-01 3.551499618377392808e-01
4.755782217075397722e-01 -6.711870063352407545e-01
5.286935512410541049e-01 1.682043421627092084e+00
-1.995090450400291537e+00 -1.457797889836430549e+00
-8.080248943965797626e-01 4.723464720998578059e-01
1.406639740048372333e+00 1.909297767219032993e+00
1.232928029660779190e-01 -9.999121625574273198e-01
-3.471943375341644544e-01 -5.962809787825884555e-01
-3.247404140401255024e+00 -2.185465697116443895e+00
5.212682915568648268e-01 1.251745161941505646e+00
-1.113609580244802055e+00 -8.687301793327083521e-01
-5.450165200588320547e-01 -4.615150446203012402e-01
1.191540764768665550e+00 7.997010365897146977e-01
4.101702481867254280e-01 -8.606508645687530601e-01
-6.106596652200509956e-01 -9.045906039979544344e-01
1.290052221751762374e-01 1.964420331206968018e-01
-2.188172646507363650e-01 -1.995749932128944581e-01
7.188046009923210189e-01 1.285475397980867518e-02
